0 FILE modelo principal
0 Untitled Model
0 Name:  modelo principal
0 Author:  
0 CustomBrick
0 NumOfBricks:  72
1 15 -39.999880 57.022720 -57.331820 0.000000 -1.000000 -0.000002 0.006974 0.000002 -0.999974 0.999974 0.000000 0.006974 u9393c02.dat
0 STEP
1 0 -40.050040 -42.556280 3.364030 1.000000 -0.000001 0.000002 -0.000002 -0.006973 0.999974 -0.000001 -0.999974 -0.006973 2780.dat
1 0 -40.000030 -42.835240 -36.634860 1.000000 -0.000001 0.000002 -0.000002 -0.006973 0.999974 -0.000001 -0.999974 -0.006973 2780.dat
1 0 -40.000030 -43.114260 -76.633880 1.000000 -0.000001 0.000002 -0.000002 -0.006973 0.999974 -0.000001 -0.999974 -0.006973 2780.dat
1 0 -40.000060 -43.393120 -116.632900 1.000000 -0.000001 0.000002 -0.000002 -0.006973 0.999974 -0.000001 -0.999974 -0.006973 2780.dat
1 0 -39.999790 117.439600 2.248270 1.000000 -0.000001 0.000002 -0.000002 -0.006973 0.999974 -0.000001 -0.999974 -0.006973 2780.dat
1 0 -39.999800 116.602700 -117.748700 1.000000 -0.000002 0.000001 -0.000002 -0.224943 0.974371 -0.000001 -0.974371 -0.224943 2780.dat
0 STEP
1 15 -69.999720 97.300640 -17.611800 -1.000000 0.000000 -0.000002 0.000002 -0.006975 -0.999974 0.000000 -0.999974 0.006975 54696.dat
0 STEP
1 15 -69.999800 96.742710 -97.609750 1.000000 0.000000 -0.000002 -0.000002 0.006975 -0.999974 0.000000 0.999974 0.006975 54696.dat
0 STEP
1 0 39.999980 -42.556400 3.364000 1.000000 -0.000001 0.000002 -0.000002 -0.006973 0.999974 -0.000001 -0.999974 -0.006973 2780.dat
1 0 39.999960 -43.393240 -116.633000 1.000000 -0.000001 0.000002 -0.000002 -0.006973 0.999974 -0.000001 -0.999974 -0.006973 2780.dat
0 STEP
1 15 50.000000 -42.974830 -56.634480 0.000001 0.000005 -1.000000 0.006974 0.999974 0.000005 0.999974 -0.006974 0.000001 37316.dat
0 STEP
1 19 -10.000020 -23.463470 -126.772100 -0.000001 -0.732537 -0.680728 -0.006973 -0.680712 0.732517 -0.999974 0.004748 -0.005108 3749.dat
0 STEP
1 14 -10.000070 -23.533180 -136.771900 -0.680728 -0.000001 -0.732537 0.732517 -0.006973 -0.680713 -0.005107 -0.999974 0.004748 32140.dat
0 STEP
1 19 -53.952200 -64.445420 -146.486800 -0.000002 -0.883760 -0.467943 -0.006974 -0.467931 0.883736 -0.999974 0.003265 -0.006163 3749.dat
0 STEP
1 0 -89.999820 96.394000 -147.608500 -0.000001 0.424204 0.905566 0.006974 -0.905545 0.424193 0.999975 0.006316 -0.002957 2780.dat
0 STEP
1 0 -125.640400 78.165950 -157.481700 0.891019 0.000002 -0.453969 0.453957 -0.006973 0.890997 -0.003164 -0.999976 -0.006214 32009.dat
0 STEP
1 4 -54.358900 114.412800 -167.734600 -0.000002 -0.453968 -0.891018 0.006973 0.890996 -0.453957 0.999976 -0.006214 0.003164 32062.dat
0 STEP
1 0 -54.358880 114.343000 -177.734400 -0.453968 -0.891018 -0.000002 0.890996 -0.453957 0.006973 -0.006214 0.003164 0.999976 45590.dat
0 STEP
1 19 -9.999940 -22.487020 13.224260 0.000003 0.732536 -0.680729 0.006975 0.680712 0.732518 0.999976 -0.004751 -0.005108 3749.dat
0 STEP
1 14 -9.999929 -22.417280 23.224020 -0.680729 -0.000001 -0.732536 0.732518 -0.006974 -0.680712 -0.005108 -0.999976 0.004748 32140.dat
0 STEP
1 19 -53.952060 -63.190240 33.508650 0.000002 -0.883759 0.467943 0.006975 -0.467932 -0.883737 0.999976 0.003265 0.006163 3749.dat
0 STEP
1 0 -89.999680 97.649400 32.386960 -0.000001 0.424204 0.905567 0.006974 -0.905545 0.424193 0.999976 0.006316 -0.002957 2780.dat
0 STEP
1 0 -128.823000 78.277440 42.522130 0.883759 -0.000001 -0.467943 0.467932 -0.006976 0.883737 -0.003266 -0.999976 -0.006164 32009.dat
0 STEP
1 4 -58.122200 115.777300 51.620670 -0.000002 -0.467943 -0.883759 0.006974 0.883737 -0.467932 0.999976 -0.006164 0.003262 32062.dat
0 STEP
1 0 -58.122220 115.847000 61.620430 -0.467943 -0.883759 -0.000002 0.883737 -0.467932 0.006973 -0.006164 0.003262 0.999976 45590.dat
0 STEP
1 0 10.000270 137.508700 12.108520 0.000000 0.000000 1.000000 -0.006974 0.999976 0.000000 -0.999976 -0.006974 0.000000 2780.dat
1 19 -9.999730 137.508800 12.108530 0.000000 0.000000 -1.000000 0.006974 0.999976 0.000000 0.999976 -0.006974 0.000000 3749.dat
0 STEP
1 14 101.221600 234.316400 21.433690 -0.804822 0.000000 -0.593516 0.593502 -0.006974 -0.804803 -0.004139 -0.999976 0.005612 32271.dat
0 STEP
1 0 77.480920 202.194100 31.657940 0.000001 0.000000 1.000000 -0.006974 0.999976 0.000000 -0.999976 -0.006974 0.000001 2780.dat
1 19 101.221600 234.386200 31.433450 0.000001 0.593516 0.804822 -0.006974 0.804802 -0.593502 -0.999976 -0.005612 0.004140 3749.dat
0 STEP
1 322 77.480920 202.263800 41.657690 0.819152 0.000001 0.573577 -0.573563 -0.006974 0.819132 0.004000 -0.999976 -0.005712 32526.dat
0 STEP
1 0 10.000280 136.532500 -127.887900 -0.000001 0.000000 1.000000 0.006967 -0.999976 0.000000 0.999976 0.006967 0.000001 2780.dat
1 19 -9.999060 136.370800 -127.886800 0.000001 0.000000 -1.000000 -0.006967 -0.999976 0.000000 -0.999976 0.006967 -0.000001 3749.dat
0 STEP
1 14 101.221600 233.200700 -138.562300 -0.804822 0.000001 -0.593516 0.593502 -0.006974 -0.804802 -0.004139 -0.999976 0.005612 32271.dat
0 STEP
1 0 77.480950 200.938900 -148.337500 0.000000 0.000000 1.000000 -0.006974 0.999976 0.000000 -0.999976 -0.006974 0.000000 2780.dat
1 19 101.219300 233.131000 -148.552200 0.000000 -0.593517 0.804822 0.006974 -0.804802 -0.593502 0.999976 0.005612 0.004139 3749.dat
0 STEP
1 322 78.276240 200.296000 -158.323500 0.819152 0.000001 0.573577 -0.573563 -0.006974 0.819132 0.004000 -0.999976 -0.005712 32526.dat
0 STEP
1 16 0.000440 227.088200 -48.517660 1.000000 0.000002 0.000000 -0.000002 0.999976 0.006974 0.000000 -0.006974 0.999976 rodas
0 STEP
0 NOFILE
0 FILE rodas
0 rodas
0 Name:  rodas
0 Author:  
0 CustomBrick
0 NumOfBricks:  34
1 0 -30.000000 -10.000000 -10.000000 -0.000001 -1.000000 0.000000 1.000000 -0.000001 0.000000 0.000000 0.000000 1.000000 64179.dat
0 STEP
1 71 -10.000000 30.000100 -10.000000 -0.000002 0.000000 1.000000 -1.000000 -0.000008 -0.000002 0.000008 -1.000000 0.000000 48989.dat
0 STEP
1 0 10.000000 -10.000100 -10.000000 -0.000001 -1.000000 0.000000 1.000000 -0.000001 0.000000 0.000000 0.000000 1.000000 64179.dat
0 STEP
1 0 10.000000 9.999900 40.000000 0.000000 0.000000 1.000000 0.000000 1.000000 0.000000 -1.000000 0.000000 0.000000 2780.dat
1 0 10.000000 -30.000100 40.000000 0.000000 0.000000 1.000000 0.000000 1.000000 0.000000 -1.000000 0.000000 0.000000 2780.dat
0 STEP
1 0 9.999900 9.999900 -59.999900 0.000000 0.000000 1.000000 0.000000 1.000000 0.000000 -1.000000 0.000000 0.000000 2780.dat
1 0 10.000000 -30.000100 -60.000000 0.000000 0.000000 1.000003 0.000000 1.000000 0.000000 -1.000003 0.000000 0.000000 2780.dat
0 STEP
1 0 10.000000 -10.000000 30.000000 1.000000 0.000000 0.000000 0.000000 -0.000002 1.000000 0.000000 -1.000000 -0.000002 39793.dat
0 STEP
1 0 10.000000 -10.000000 -50.000100 1.000000 0.000000 0.000000 0.000000 -0.000002 1.000000 0.000000 -1.000000 -0.000002 39793.dat
0 STEP
1 71 50.000000 -10.000000 -50.000100 0.000001 0.000000 -1.000000 0.000000 1.000000 0.000000 1.000000 0.000000 0.000001 48989.dat
1 71 50.000000 -10.000000 30.000000 0.000001 0.000000 -1.000000 0.000000 1.000000 0.000000 1.000000 0.000000 0.000001 48989.dat
0 STEP
1 0 90.000000 -10.000000 30.000000 1.000000 0.000000 0.000000 0.000000 -0.000002 1.000000 0.000000 -1.000000 -0.000002 39793.dat
1 0 90.000100 -10.000000 -50.000200 1.000000 0.000000 0.000000 0.000000 -0.000002 1.000002 0.000000 -1.000002 -0.000002 39793.dat
0 STEP
1 0 120.000000 10.000000 -50.000300 1.000000 0.000000 0.000000 0.000000 1.000000 0.000000 0.000000 0.000000 1.000000 2780.dat
1 0 120.000000 -30.000100 -50.000200 1.000000 0.000000 0.000000 0.000000 1.000000 0.000000 0.000000 0.000000 1.000000 2780.dat
1 0 120.000000 10.000000 30.000000 1.000000 0.000000 0.000000 0.000000 1.000000 0.000000 0.000000 0.000000 1.000000 2780.dat
1 0 120.000000 -30.000000 30.000000 1.000000 0.000000 0.000000 0.000000 1.000000 0.000000 0.000000 0.000000 1.000000 2780.dat
0 STEP
1 232 130.000000 -10.000000 -10.000300 1.000000 0.000000 0.000000 0.000000 1.000000 0.000000 0.000000 0.000000 1.000000 39370c01.dat
0 STEP
1 1 -30.000100 10.000000 -90.000000 -0.000002 0.000000 1.000000 0.000000 1.000000 0.000000 -1.000000 0.000000 -0.000002 6558.dat
1 1 -30.000000 -30.000000 -90.000000 -0.000002 0.000000 1.000000 0.000000 1.000000 0.000000 -1.000000 0.000000 -0.000002 6558.dat
0 STEP
1 14 -30.000100 -10.000000 -90.000000 1.000000 0.000000 0.000000 0.000000 0.000001 -1.000000 0.000000 1.000000 0.000001 32523.dat
0 STEP
1 14 -30.000100 -10.000000 -110.000000 1.000000 0.000000 0.000000 0.000000 0.000001 -1.000000 0.000000 1.000000 0.000001 32523.dat
0 STEP
1 19 -30.000100 -10.000000 -120.000000 0.000000 0.000000 1.000000 0.000000 1.000000 0.000000 -1.000000 0.000000 0.000000 3749.dat
0 STEP
1 15 -30.000100 -10.000000 -130.000000 1.000000 0.000000 0.000000 0.000000 1.000000 0.000000 0.000000 0.000000 1.000000 39367p01.dat
0 STEP
1 1 -29.999800 10.000000 70.001100 0.000004 0.000000 -1.000004 0.000000 1.000000 0.000000 1.000004 0.000000 0.000004 6558.dat
1 1 -29.999900 -30.000000 70.000000 0.000004 0.000000 -1.000000 0.000000 1.000000 0.000000 1.000000 0.000000 0.000004 6558.dat
0 STEP
1 14 -30.000000 -10.000000 70.000500 -1.000008 -0.000002 0.000000 0.000000 0.000001 -1.000000 0.000002 -1.000008 -0.000001 32523.dat
0 STEP
1 14 -29.999900 -10.000000 90.000900 -1.000008 -0.000002 0.000000 0.000000 0.000001 -1.000000 0.000002 -1.000008 -0.000001 32523.dat
0 STEP
1 19 -29.999900 -10.000000 100.001000 0.000003 0.000000 -1.000008 0.000000 1.000000 0.000000 1.000008 0.000000 0.000003 3749.dat
0 STEP
1 15 -29.999900 -10.000000 110.001100 -1.000008 0.000000 -0.000002 0.000000 1.000000 0.000000 0.000002 0.000000 -1.000008 39367p01.dat
0 STEP
1 0 -29.999900 -60.000000 -50.000000 0.000000 -1.000000 0.000000 1.000000 0.000000 0.000000 0.000000 0.000000 1.000000 2780.dat
1 0 10.000000 -60.000100 -50.000000 0.000000 -1.000000 0.000000 1.000000 0.000000 0.000000 0.000000 0.000000 1.000000 2780.dat
1 0 -30.000000 -60.000000 30.000000 0.000000 -1.000000 0.000000 1.000000 0.000000 0.000000 0.000000 0.000000 1.000000 2780.dat
1 0 10.000000 -60.000100 30.000000 0.000000 -1.000000 0.000000 1.000000 0.000000 0.000000 0.000000 0.000000 1.000000 2780.dat
0 STEP
0 NOFILE
