0 FILE wally 03.io
0 Untitled Model
0 Name:  wally 03
0 Author:  
0 CustomBrick
0 NumOfBricks:  76
1 16 293.778200 68.000380 -277.809300 -0.997917 0.000000 0.064520 0.000000 1.000000 0.000000 -0.064520 0.000000 -0.997917 base robo
0 STUDIOSTEPDESC Parte 01
0 STEP
1 16 313.732200 -86.000100 -276.519100 -0.064521 0.000000 -0.997917 0.000000 1.000000 0.000000 0.997917 0.000000 -0.064521 corpo
0 STEP
1 0 333.695000 -167.710300 -275.228600 0.000000 0.997917 0.064520 1.000000 0.000000 0.000000 0.000000 0.064520 -0.997917 3707.dat
0 STEP
1 0 333.695000 -237.710300 -275.228600 -0.997917 0.064520 0.000000 0.000000 0.000000 -1.000000 -0.064520 -0.997917 0.000000 32270.dat
0 STEP
1 14 333.477500 -257.999800 -271.945800 -0.064519 0.000000 -0.997917 0.000000 1.000000 0.000000 0.997917 0.000000 -0.064519 23948.dat
1 7 331.065900 -258.000000 -234.643300 -0.997917 0.000000 0.064520 0.000000 1.000000 0.000000 -0.064520 0.000000 -0.997917 3713.dat
1 0 334.635200 -258.000000 -289.847900 -0.997917 0.000000 -0.064520 0.000000 -1.000000 0.000000 -0.064520 0.000000 0.997917 32270.dat
0 STEP
1 16 264.208700 -137.999700 -130.519600 0.000000 -0.064517 -0.997917 -1.000000 -0.000003 0.000000 -0.000003 0.997917 -0.064517 braço direito
0 STUDIOSTEPDESC Braço 01
0 STEP
1 16 282.677600 -138.692000 -427.097300 -0.017417 0.064520 0.997765 -0.999848 0.000001 -0.017453 -0.001127 -0.997917 0.064510 braço esquerdo
0 STEP
0 NOFILE
0 FILE Base robo
0 Base robo
0 Name:  Base robo
0 Author:  
0 CustomBrick
0 NumOfBricks:  27
1 15 60.002300 -66.000600 -59.999800 -0.000002 0.000000 -1.000000 -1.000000 -0.000001 0.000002 -0.000001 1.000000 0.000000 54696.dat
1 15 60.004100 -66.000500 60.000100 0.000002 0.000000 -1.000015 1.000000 0.000001 0.000002 0.000001 -1.000014 0.000000 54696.dat
0 STEP
1 0 80.004500 -36.000500 39.999800 -0.000002 1.000000 0.000001 -1.000000 -0.000002 -0.000001 -0.000001 -0.000001 1.000000 2780.dat
1 0 80.002300 -36.000700 -39.999800 -0.000002 1.000000 0.000001 -1.000000 -0.000002 -0.000001 -0.000001 -0.000001 1.000000 2780.dat
0 STEP
1 322 80.002300 -26.000700 0.000200 1.000000 0.000000 0.000000 0.000000 1.000000 0.000000 0.000000 0.000000 1.000000 32524.dat
0 STEP
1 0 -89.997890 -86.000200 60.000100 1.000000 0.000001 0.000001 -0.000001 1.000000 -0.000001 -0.000001 0.000001 1.000000 2780.dat
1 0 -89.997890 -86.000200 -59.999900 -1.000000 0.000003 0.000000 -0.000003 -1.000000 0.000000 0.000000 0.000000 1.000000 42865.dat
0 STEP
1 322 -99.997890 -86.000200 0.000100 0.000000 -1.000000 0.000000 1.000000 0.000000 0.000000 0.000000 0.000000 1.000000 32524.dat
0 STEP
1 0 -109.997900 -86.000200 40.000100 1.000000 0.000000 0.000000 0.000000 1.000000 0.000000 0.000000 0.000000 1.000000 42865.dat
1 0 -109.997800 -86.000200 -39.999900 -1.000000 0.000002 0.000000 -0.000002 -1.000000 0.000000 0.000000 0.000000 1.000000 42865.dat
0 STEP
1 322 -119.997900 -86.000200 0.000100 1.000000 0.000000 0.000000 0.000000 1.000000 0.000000 0.000000 0.000000 1.000000 39370c01.dat
0 STEP
1 0 -119.997900 -96.000200 20.000100 0.000001 1.000000 0.000000 -1.000000 0.000001 0.000000 0.000000 0.000000 1.000000 2780.dat
1 0 -119.997900 -96.000200 -19.999900 0.000003 1.000000 0.000000 -1.000000 0.000003 0.000000 0.000000 0.000000 1.000000 42865.dat
0 STEP
1 15 -119.997900 -146.000300 0.000100 0.000000 1.000000 0.000000 0.000000 0.000000 1.000000 1.000000 0.000000 0.000000 37312.dat
0 STEP
1 0 40.003800 -96.000510 39.999800 -0.000002 1.000000 0.000001 -1.000000 -0.000002 -0.000001 -0.000001 -0.000001 1.000000 2780.dat
1 0 40.002200 -96.000510 -39.999800 -0.000002 1.000000 0.000001 -1.000000 -0.000002 -0.000001 -0.000001 -0.000001 1.000000 2780.dat
1 0 80.004300 -96.000510 39.999800 -0.000002 1.000000 0.000001 -1.000000 -0.000002 -0.000001 -0.000001 -0.000001 1.000000 2780.dat
1 0 80.002200 -96.000690 -39.999700 -0.000002 1.000000 0.000001 -1.000000 -0.000002 -0.000001 -0.000001 -0.000001 1.000000 2780.dat
0 STEP
1 15 -39.995700 -126.000500 -0.000200 0.000000 0.000000 1.000000 0.000000 1.000000 0.000000 -1.000000 0.000000 0.000000 54675.dat
0 STEP
1 14 60.004100 -66.000600 120.550600 0.000000 0.000000 1.000000 0.000000 1.000000 0.000000 -1.000000 0.000000 0.000000 4519.dat
1 14 59.999300 -66.000700 -123.330800 0.000000 0.000000 1.000000 0.000000 1.000000 0.000000 -1.000000 0.000000 0.000000 4519.dat
0 STEP
1 0 60.004100 -66.000600 120.550600 -0.000002 1.000000 0.000001 -1.000000 -0.000002 -0.000001 -0.000001 -0.000001 1.000000 39367p01.dat
1 0 59.999400 -66.000600 -123.230700 -0.000002 1.000000 0.000001 -1.000000 -0.000002 -0.000001 -0.000001 -0.000001 1.000000 39367p01.dat
0 STEP
1 15 60.004100 -66.000600 140.550600 -1.000000 0.000000 -0.000006 0.000006 0.000000 -1.000000 0.000000 -1.000000 0.000000 41669.dat
1 15 59.999300 -66.000700 -143.330800 1.000000 0.000000 0.000001 0.000001 0.000003 -1.000000 0.000000 1.000000 0.000003 41669.dat
0 STEP
1 0 40.004200 -156.000500 -40.000200 -0.000002 1.000000 0.000001 -1.000000 -0.000002 -0.000001 -0.000001 -0.000001 1.000000 2780.dat
1 0 40.004100 -156.000500 39.999800 -0.000002 1.000000 0.000001 -1.000000 -0.000002 -0.000001 -0.000001 -0.000001 1.000000 2780.dat
0 STEP
0 NOFILE
0 FILE Corpo
0 Corpo
0 Name:  Corpo
0 Author:  
0 CustomBrick
0 NumOfBricks:  18
1 15 0.000100 -112.000000 10.000000 -1.000000 0.000003 0.000000 0.000000 0.000000 -1.000000 -0.000003 -1.000000 0.000000 u9393c02.dat
0 STEP
1 0 -70.000000 -192.000100 39.999800 1.000000 -0.000003 0.000000 0.000003 1.000000 0.000000 0.000000 0.000000 1.000000 42865.dat
0 STEP
1 322 -80.000100 -272.000000 -0.000300 -0.000001 1.000000 0.000003 -0.000001 -0.000003 1.000000 1.000000 0.000001 0.000001 32526.dat
0 STEP
1 0 -70.000100 -272.000000 -0.000300 1.000000 -0.000003 0.000000 0.000003 1.000000 0.000000 0.000000 0.000000 1.000000 42865.dat
0 STEP
1 15 0.000000 -292.000100 -0.000400 -1.000000 0.000000 -0.000002 0.000000 1.000000 0.000000 0.000002 0.000000 -1.000000 37316.dat
0 STEP
1 0 70.000000 -192.000000 40.000200 1.000000 -0.000003 0.000000 0.000003 1.000000 0.000000 0.000000 0.000000 1.000000 42865.dat
1 0 69.999900 -272.000000 -0.000600 1.000000 -0.000003 0.000000 0.000003 1.000000 0.000000 0.000000 0.000000 1.000000 42865.dat
0 STEP
1 322 79.999900 -271.999900 -0.000600 -0.000001 1.000000 0.000003 -0.000001 -0.000003 1.000000 1.000000 0.000001 0.000001 32526.dat
0 STEP
1 0 -59.999900 -212.000000 9.949800 0.000001 0.000000 -1.000000 0.000000 1.000000 0.000000 1.000000 0.000000 0.000001 42865.dat
1 0 60.000100 -212.000000 10.000200 0.000001 0.000000 -1.000000 0.000000 1.000000 0.000000 1.000000 0.000000 0.000001 42865.dat
0 STEP
1 0 0.000100 -172.000000 0.000200 0.000000 0.000000 1.000000 -1.000000 0.000000 0.000000 0.000000 -1.000000 0.000000 64179.dat
0 STEP
1 0 20.000100 -212.000000 -9.999800 0.000001 0.000000 -1.000000 0.000000 1.000000 0.000000 1.000000 0.000000 0.000001 42865.dat
1 0 -19.999900 -212.000000 -9.999800 0.000001 0.000000 -1.000000 0.000000 1.000000 0.000000 1.000000 0.000000 0.000001 42865.dat
0 STEP
1 0 0.000100 -172.000000 -19.999800 0.000000 0.000000 1.000000 -1.000000 0.000000 0.000000 0.000000 -1.000000 0.000000 64179.dat
0 STEP
1 0 70.000100 -172.000000 0.000200 1.000000 0.000000 0.000000 0.000000 1.000000 0.000000 0.000000 0.000000 1.000000 42865.dat
1 0 -69.999900 -172.000000 0.000300 1.000000 0.000000 0.000000 0.000000 1.000000 0.000000 0.000000 0.000000 1.000000 42865.dat
0 STEP
1 14 80.000100 -172.000100 0.000200 0.000001 1.000000 -0.000003 1.000000 -0.000001 0.000001 0.000001 -0.000003 -1.000000 32523.dat
1 14 -79.999900 -172.000000 0.000300 0.000001 1.000000 -0.000003 1.000000 -0.000001 0.000001 0.000001 -0.000003 -1.000000 32523.dat
0 STEP
0 NOFILE
0 FILE Braço direito
0 Braço direito
0 Name:  Braço direito
0 Author:  
0 CustomBrick
0 NumOfBricks:  13
1 0 -39.999800 -10.000200 -60.000000 1.000000 0.000014 0.000000 0.000014 -1.000000 -0.000002 0.000000 0.000002 -1.000000 32009.dat
0 STEP
1 0 -39.999700 -20.000100 -20.000000 0.000003 1.000000 0.000000 -1.000000 0.000003 0.000000 0.000000 0.000000 1.000000 42865.dat
1 0 0.000300 -19.999700 -60.000000 0.000003 1.000000 0.000000 -1.000000 0.000003 0.000000 0.000000 0.000000 1.000000 42865.dat
0 STEP
1 0 -39.999700 -29.999500 -60.000000 0.000000 0.000005 -1.000000 0.000003 1.000000 0.000005 1.000000 -0.000003 0.000000 32009.dat
0 STEP
1 0 -39.999700 -19.999900 80.000000 0.000003 1.000000 0.000000 -1.000000 0.000003 0.000000 0.000000 0.000000 1.000000 42865.dat
1 0 -39.999700 -19.999900 60.000000 0.000003 1.000000 0.000000 -1.000000 0.000003 0.000000 0.000000 0.000000 1.000000 42865.dat
0 STEP
1 14 -39.999500 -29.999900 80.000000 -1.000000 0.000000 -0.000005 0.000000 1.000000 0.000000 0.000005 0.000000 -1.000000 32523.dat
0 STEP
1 0 -39.999800 -39.999300 0.000000 0.000003 1.000000 0.000000 -1.000000 0.000003 0.000000 0.000000 0.000000 1.000000 42865.dat
1 0 -39.999400 -39.999900 100.000000 0.000003 1.000000 0.000000 -1.000000 0.000003 0.000000 0.000000 0.000000 1.000000 42865.dat
0 STEP
1 322 -39.999800 -49.999300 40.000000 1.000000 0.000000 0.000000 0.000000 1.000000 0.000000 0.000000 0.000000 1.000000 32524.dat
0 STEP
1 0 80.000200 -40.000100 -60.000000 0.000003 1.000000 0.000000 -1.000000 0.000003 0.000000 0.000000 0.000000 1.000000 42865.dat
1 0 100.000200 -40.000200 -60.000000 0.000003 1.000000 0.000000 -1.000000 0.000003 0.000000 0.000000 0.000000 1.000000 42865.dat
0 STEP
1 14 120.000300 -50.000100 -60.000100 0.000003 0.000000 -1.000000 0.000002 1.000000 0.000000 1.000000 -0.000002 0.000003 32140.dat
0 STEP
0 STEP
0 NOFILE
0 FILE Braço esquerdo
0 Braço esquerdo
0 Name:  Braço esquerdo
0 Author:  
0 CustomBrick
0 NumOfBricks:  13
1 0 -41.041500 -10.000500 59.292700 0.999848 -0.000011 -0.017455 0.000011 1.000000 0.000000 0.017455 0.000000 0.999848 32009.dat
0 STEP
1 0 -41.047300 -19.999700 19.990900 0.000000 1.000000 0.000000 -1.000000 0.000000 0.000000 0.000000 0.000000 1.000000 42865.dat
1 0 -1.047300 -20.000000 59.990900 0.000000 0.999848 -0.017455 -1.000000 0.000000 0.000000 0.000000 0.017455 0.999848 42865.dat
0 STEP
1 0 -41.745200 -29.999700 59.984800 0.017455 -0.000008 -0.999848 0.000000 -1.000000 0.000008 -0.999848 0.000000 -0.017455 32009.dat
0 STEP
1 0 -38.597600 -20.000400 -80.686000 0.000000 0.999848 -0.017455 -1.000000 0.000000 0.000000 0.000000 0.017455 0.999848 42865.dat
1 0 -38.947000 -20.000400 -60.689100 -0.000002 0.999848 -0.017455 -1.000000 -0.000002 0.000000 0.000000 0.017455 0.999848 2780.dat
0 STEP
1 14 -38.598000 -30.000400 -80.686000 -0.999848 0.000003 0.017450 0.000003 1.000000 0.000000 -0.017450 0.000000 -0.999848 32523.dat
0 STEP
1 0 -40.698300 -39.999700 -0.006100 0.000000 0.999848 -0.017455 -1.000000 0.000000 0.000000 0.000000 0.017455 0.999848 42865.dat
1 0 -38.248800 -40.000400 -100.683000 0.000000 0.999848 -0.017455 -1.000000 0.000000 0.000000 0.000000 0.017455 0.999848 42865.dat
0 STEP
1 322 -39.296300 -50.000400 -40.692100 0.999848 0.000003 -0.017455 -0.000003 1.000000 0.000000 0.017455 0.000000 0.999848 32524.dat
0 STEP
1 0 78.236200 -40.000700 62.079400 0.000000 0.999848 -0.017455 -1.000000 0.000000 0.000000 0.000000 0.017455 0.999848 42865.dat
1 0 98.233200 -40.000900 62.428500 0.000000 0.999848 -0.017455 -1.000000 0.000000 0.000000 0.000000 0.017455 0.999848 42865.dat
0 STEP
1 14 118.230100 -50.000800 62.777500 0.017453 -0.000003 -0.999848 -0.000001 -1.000000 0.000003 -0.999848 0.000001 -0.017453 32140.dat
0 STEP
0 NOFILE
