0 Untitled Model
0 Name:  wally 03 - juntando as partes
0 Author:  
0 CustomBrick
1 15 230.029700 1.999790 -221.805800 0.000002 0.064520 0.997917 -1.000000 -0.000001 0.000002 0.000001 -0.997917 0.064520 54696.dat
1 15 237.770300 1.999890 -341.555900 -0.000002 -0.064521 0.997932 1.000000 0.000001 0.000002 -0.000001 0.997931 0.064521 54696.dat
1 0 216.521100 31.999900 -322.887700 0.000002 -0.997917 0.064519 -1.000000 -0.000002 -0.000001 0.000001 -0.064519 -0.997917 2780.dat
1 0 211.361800 31.999700 -243.054600 0.000002 -0.997917 0.064519 -1.000000 -0.000002 -0.000001 0.000001 -0.064519 -0.997917 2780.dat
1 322 213.942600 41.999700 -282.971300 -0.997917 0.000000 0.064520 0.000000 1.000000 0.000000 -0.064520 0.000000 -0.997917 32524.dat
1 0 387.459800 -17.999800 -331.877700 -0.997917 -0.000001 0.064519 -0.000001 1.000000 -0.000001 -0.064519 -0.000001 -0.997917 2780.dat
1 0 379.717400 -17.999800 -212.127700 0.997917 -0.000003 0.064520 -0.000003 -1.000000 0.000000 0.064520 0.000000 -0.997917 42865.dat
1 322 393.567800 -17.999800 -271.357500 0.000000 0.997917 0.064520 1.000000 0.000000 0.000000 0.000000 0.064520 -0.997917 32524.dat
1 0 406.127800 -17.999800 -310.629000 -0.997917 0.000000 0.064520 0.000000 1.000000 0.000000 -0.064520 0.000000 -0.997917 42865.dat
1 0 400.966100 -17.999800 -230.795700 0.997917 -0.000002 0.064520 -0.000002 -1.000000 0.000000 0.064520 0.000000 -0.997917 42865.dat
1 322 413.526200 -17.999800 -270.067100 -0.997917 0.000000 0.064520 0.000000 1.000000 0.000000 -0.064520 0.000000 -0.997917 39370c01.dat
1 0 414.816600 -27.999800 -290.025500 -0.000001 -0.997917 0.064520 -1.000000 0.000001 0.000000 0.000000 -0.064520 -0.997917 2780.dat
1 0 412.235700 -27.999800 -250.108800 -0.000003 -0.997917 0.064520 -1.000000 0.000003 0.000000 0.000000 -0.064520 -0.997917 42865.dat
1 15 413.526200 -77.999910 -270.067100 0.064520 -0.997917 0.000000 0.000000 0.000000 1.000000 -0.997917 -0.064520 0.000000 37312.dat
1 0 256.438500 -28.000110 -320.306800 0.000002 -0.997917 0.064519 -1.000000 -0.000002 -0.000001 0.000001 -0.064519 -0.997917 2780.dat
1 0 251.278500 -28.000110 -240.473800 0.000002 -0.997917 0.064519 -1.000000 -0.000002 -0.000001 0.000001 -0.064519 -0.997917 2780.dat
1 0 216.521300 -28.000110 -322.887700 0.000002 -0.997917 0.064519 -1.000000 -0.000002 -0.000001 0.000001 -0.064519 -0.997917 2780.dat
1 0 211.361900 -28.000300 -243.054700 0.000002 -0.997917 0.064519 -1.000000 -0.000002 -0.000001 0.000001 -0.064519 -0.997917 2780.dat
1 15 333.690600 -58.000110 -275.228600 -0.064520 0.000000 -0.997917 0.000000 1.000000 0.000000 0.997917 0.000000 -0.064520 54675.dat
1 14 241.677000 1.999790 -401.980300 -0.064520 0.000000 -0.997917 0.000000 1.000000 0.000000 0.997917 0.000000 -0.064520 4519.dat
1 14 225.946600 1.999690 -158.606600 -0.064520 0.000000 -0.997917 0.000000 1.000000 0.000000 0.997917 0.000000 -0.064520 4519.dat
1 0 241.677000 1.999790 -401.980300 0.000002 -0.997917 0.064519 -1.000000 -0.000002 -0.000001 0.000001 -0.064519 -0.997917 39367p01.dat
1 0 225.952900 1.999790 -158.706500 0.000002 -0.997917 0.064519 -1.000000 -0.000002 -0.000001 0.000001 -0.064519 -0.997917 39367p01.dat
1 15 242.967400 1.999790 -421.938600 0.997917 -0.064520 0.000006 0.000006 0.000000 -1.000000 0.064520 0.997917 0.000000 41669.dat
1 15 224.656200 1.999690 -138.648200 -0.997917 0.064520 -0.000001 0.000001 0.000003 -1.000000 -0.064520 -0.997917 -0.000003 41669.dat
1 0 251.276500 -88.000110 -240.473500 0.000002 -0.997917 0.064519 -1.000000 -0.000002 -0.000001 0.000001 -0.064519 -0.997917 2780.dat
1 0 256.438200 -88.000110 -320.306900 0.000002 -0.997917 0.064519 -1.000000 -0.000002 -0.000001 0.000001 -0.064519 -0.997917 2780.dat
0 STEP
1 15 303.753000 -198.000100 -277.164200 0.064524 0.997917 0.000000 0.000000 0.000000 -1.000000 -0.997917 0.064524 0.000000 u9393c02.dat
1 0 278.332200 -278.000200 -348.954200 -0.064521 0.000000 -0.997917 0.000003 1.000000 0.000000 0.997917 -0.000003 -0.064521 42865.dat
1 322 318.894200 -358.000100 -356.352500 -0.997917 -0.064522 -0.000001 -0.000001 -0.000003 1.000000 -0.064522 0.997917 0.000003 32526.dat
1 0 318.249000 -358.000100 -346.373400 -0.064521 0.000000 -0.997917 0.000003 1.000000 0.000000 0.997917 -0.000003 -0.064521 42865.dat
1 15 313.732600 -378.000200 -276.519100 0.064519 0.000000 0.997917 0.000000 1.000000 0.000000 -0.997917 0.000000 0.064519 37316.dat
1 0 269.298900 -278.000100 -209.245800 -0.064521 0.000000 -0.997917 0.000003 1.000000 0.000000 0.997917 -0.000003 -0.064521 42865.dat
1 0 309.216300 -358.000100 -206.665000 -0.064521 0.000000 -0.997917 0.000003 1.000000 0.000000 0.997917 -0.000003 -0.064521 42865.dat
1 322 308.571100 -358.000000 -196.685800 -0.997917 -0.064522 -0.000001 -0.000001 -0.000003 1.000000 -0.064522 0.997917 0.000003 32526.dat
1 0 307.674400 -298.000100 -337.036000 -0.997917 0.000000 0.064520 0.000000 1.000000 0.000000 -0.064520 0.000000 -0.997917 42865.dat
1 0 299.881600 -298.000100 -217.289200 -0.997917 0.000000 0.064520 0.000000 1.000000 0.000000 -0.064520 0.000000 -0.997917 42865.dat
1 0 313.732000 -258.000100 -276.519000 0.000000 0.997917 -0.064521 -1.000000 0.000000 0.000000 0.000000 0.064521 0.997917 64179.dat
1 0 322.420700 -298.000100 -255.915500 -0.997917 0.000000 0.064520 0.000000 1.000000 0.000000 -0.064520 0.000000 -0.997917 42865.dat
1 0 325.001600 -298.000100 -295.832200 -0.997917 0.000000 0.064520 0.000000 1.000000 0.000000 -0.064520 0.000000 -0.997917 42865.dat
1 0 333.690300 -258.000100 -275.228600 0.000000 0.997917 -0.064521 -1.000000 0.000000 0.000000 0.000000 0.064521 0.997917 64179.dat
1 0 309.215500 -258.000100 -206.664800 -0.064521 0.000000 -0.997917 0.000000 1.000000 0.000000 0.997917 0.000000 -0.064521 42865.dat
1 0 318.248400 -258.000100 -346.373200 -0.064521 0.000000 -0.997917 0.000000 1.000000 0.000000 0.997917 0.000000 -0.064521 42865.dat
1 14 308.570300 -258.000200 -196.685700 -0.000001 -0.064518 0.997917 1.000000 -0.000001 0.000001 0.000001 0.997917 0.064518 32523.dat
1 14 318.893600 -258.000100 -356.352400 -0.000001 -0.064518 0.997917 1.000000 -0.000001 0.000001 0.000001 0.997917 0.064518 32523.dat
0 STEP
1 0 333.695000 -167.710300 -275.228600 0.000000 0.997917 0.064520 1.000000 0.000000 0.000000 0.000000 0.064520 -0.997917 3707.dat
0 STEP
1 0 333.695000 -237.710300 -275.228600 -0.997917 0.064520 0.000000 0.000000 0.000000 -1.000000 -0.064520 -0.997917 0.000000 32270.dat
0 STEP
1 14 333.477500 -257.999800 -271.945800 -0.064519 0.000000 -0.997917 0.000000 1.000000 0.000000 0.997917 0.000000 -0.064519 23948.dat
1 7 331.065900 -258.000000 -234.643300 -0.997917 0.000000 0.064520 0.000000 1.000000 0.000000 -0.064520 0.000000 -0.997917 3713.dat
1 0 334.635200 -258.000000 -289.847900 -0.997917 0.000000 -0.064520 0.000000 -1.000000 0.000000 -0.064520 0.000000 0.997917 32270.dat
0 STEP
1 0 324.728900 -97.999870 -136.627800 -0.000001 0.064515 0.997917 -1.000000 -0.000011 0.000000 0.000011 -0.997917 0.064515 32009.dat
1 0 285.457400 -97.999940 -149.187600 0.064517 0.000000 -0.997917 0.000000 -1.000000 0.000000 -0.997917 0.000000 -0.064517 42865.dat
1 0 325.374100 -137.999900 -146.606600 0.064517 0.000000 -0.997917 0.000000 -1.000000 0.000000 -0.997917 0.000000 -0.064517 42865.dat
1 0 326.019200 -97.999910 -156.585500 -0.997917 -0.064514 0.000000 0.000000 -0.000008 1.000000 -0.064514 0.997917 0.000008 32009.dat
1 0 185.665700 -97.999940 -155.639100 0.064517 0.000000 -0.997917 0.000000 -1.000000 0.000000 -0.997917 0.000000 -0.064517 42865.dat
1 0 205.624000 -97.999940 -154.348800 0.064517 0.000000 -0.997917 0.000000 -1.000000 0.000000 -0.997917 0.000000 -0.064517 42865.dat
1 14 186.310900 -98.000110 -165.618300 -0.000005 -0.064517 0.997917 1.000000 -0.000003 0.000005 0.000003 0.997917 0.064517 32523.dat
1 0 266.789300 -97.999770 -170.435500 0.064517 0.000000 -0.997917 0.000000 -1.000000 0.000000 -0.997917 0.000000 -0.064517 42865.dat
1 0 166.997700 -98.000180 -176.887800 0.064517 0.000000 -0.997917 0.000000 -1.000000 0.000000 -0.997917 0.000000 -0.064517 42865.dat
1 322 227.517800 -97.999740 -182.995300 0.000000 -0.064517 -0.997917 -1.000000 -0.000003 0.000000 -0.000003 0.997917 -0.064517 32524.dat
1 0 326.664400 -217.999800 -166.565600 0.064517 0.000000 -0.997917 0.000000 -1.000000 0.000000 -0.997917 0.000000 -0.064517 42865.dat
1 0 326.664400 -237.999800 -166.565800 0.064517 0.000000 -0.997917 0.000000 -1.000000 0.000000 -0.997917 0.000000 -0.064517 42865.dat
1 14 327.309700 -257.999800 -176.544900 -0.997917 -0.064515 -0.000003 -0.000003 -0.000003 1.000000 -0.064515 0.997917 0.000003 32140.dat
0 STEP
1 0 341.907400 -98.691570 -413.246400 0.000002 0.064520 0.997917 -1.000001 0.000012 0.000002 -0.000012 -0.997917 0.064520 32009.dat
1 0 302.048400 -97.999870 -405.803400 -0.064520 -0.017417 0.997765 -0.000001 -0.999848 -0.017453 0.997917 -0.001127 0.064510 42865.dat
1 0 341.262300 -138.691900 -403.267800 -0.064520 0.000002 0.997917 -0.000001 -1.000001 0.000002 0.997917 -0.000001 0.064520 42865.dat
1 0 341.319900 -98.000080 -393.243400 -0.997917 -0.064520 -0.000001 -0.000002 0.000007 1.000001 -0.064520 0.997917 -0.000007 32009.dat
1 0 201.553800 -98.692080 -412.300100 -0.064520 0.000002 0.997917 -0.000001 -1.000001 0.000002 0.997917 -0.000001 0.064520 42865.dat
1 0 221.512100 -98.691730 -411.009700 -0.064520 0.000002 0.997917 0.000001 -1.000001 0.000002 0.997917 0.000001 0.064520 2780.dat
1 14 200.908600 -98.691690 -402.320900 0.000004 0.064520 -0.997917 1.000001 -0.000002 0.000003 -0.000002 -0.997917 -0.064520 32523.dat
1 0 280.799600 -97.999820 -387.135400 -0.064520 0.000002 0.997917 -0.000001 -1.000001 0.000002 0.997917 -0.000001 0.064520 42865.dat
1 0 180.305000 -98.691840 -393.632200 -0.064520 0.000002 0.997917 -0.000001 -1.000001 0.000002 0.997917 -0.000001 0.064520 42865.dat
1 322 239.534900 -98.691530 -379.781800 0.000001 0.064520 0.997917 -1.000001 -0.000002 0.000002 0.000002 -0.997917 0.064520 32524.dat
1 0 340.674800 -217.999800 -383.263300 -0.064520 0.000002 0.997917 -0.000001 -1.000001 0.000002 0.997917 -0.000001 0.064520 42865.dat
1 0 340.674800 -237.999900 -383.263200 -0.064520 0.000002 0.997917 -0.000001 -1.000001 0.000002 0.997917 -0.000001 0.064520 42865.dat
1 14 340.029500 -257.999800 -373.284100 -0.997917 -0.064519 0.000001 0.000000 0.000002 1.000001 -0.064519 0.997917 -0.000002 32140.dat
