0 Untitled Model
0 Name:  wally 03 - bracos B
0 Author:  
0 CustomBrick
0 NumOfBricks:  26
1 0 282.336700 -97.999910 -46.936040 0.258819 -0.000003 0.965926 0.000000 -1.000000 -0.000003 0.965926 0.000001 -0.258819 32009.dat
0 STEP
1 0 243.700000 -107.999700 -36.583520 -0.000004 0.258819 -0.965926 -1.000000 -0.000011 0.000001 -0.000010 0.965926 0.258819 42865.dat
1 0 292.689300 -107.999900 -8.299140 -0.000004 0.258819 -0.965926 -1.000000 -0.000011 0.000001 -0.000010 0.965926 0.258819 42865.dat
0 STEP
1 0 282.336500 -117.999200 -46.936310 -0.965926 0.000009 -0.258819 0.000004 1.000000 0.000019 0.258819 0.000017 -0.965926 32009.dat
0 STEP
1 0 147.107400 -107.999400 -10.701600 -0.000004 0.258819 -0.965926 -1.000000 -0.000011 0.000001 -0.000010 0.965926 0.258819 42865.dat
1 0 166.425900 -107.999400 -15.877980 -0.000004 0.258819 -0.965926 -1.000000 -0.000011 0.000001 -0.000010 0.965926 0.258819 42865.dat
0 STEP
1 14 147.107400 -117.999400 -10.701540 -0.258824 0.000005 0.965925 0.000014 1.000000 -0.000001 -0.965925 0.000013 -0.258824 32523.dat
0 STEP
1 0 224.381400 -127.998900 -31.407520 -0.000004 0.258819 -0.965926 -1.000000 -0.000011 0.000001 -0.000010 0.965926 0.258819 42865.dat
1 0 127.788800 -127.999400 -5.525190 -0.000004 0.258819 -0.965926 -1.000000 -0.000011 0.000001 -0.000010 0.965926 0.258819 42865.dat
0 STEP
1 322 185.744300 -137.998900 -21.054860 0.258819 0.000005 -0.965926 -0.000014 1.000000 0.000001 0.965926 0.000013 0.258819 32524.dat
0 STEP
1 0 313.394800 -128.001600 68.974610 -0.000004 0.258819 -0.965926 -1.000000 -0.000011 0.000001 -0.000010 0.965926 0.258819 42865.dat
1 0 318.571200 -128.001900 88.293140 -0.000004 0.258819 -0.965926 -1.000000 -0.000011 0.000001 -0.000010 0.965926 0.258819 42865.dat
0 STEP
1 14 323.747600 -138.002100 107.611600 -0.965925 0.000007 -0.258822 0.000003 1.000000 0.000014 0.258822 0.000013 -0.965925 32140.dat
0 STEP
1 0 283.569500 -97.999650 -120.736700 -0.258819 0.000002 0.965926 0.000000 1.000000 -0.000002 -0.965926 0.000000 -0.258819 32009.dat
0 STEP
1 0 245.791700 -107.998800 -109.897900 0.000001 -0.275640 0.961261 -1.000000 -0.000011 -0.000002 0.000011 -0.961261 -0.275640 42865.dat
1 0 273.216700 -107.999600 -159.373900 0.000001 -0.258819 0.965926 -1.000000 -0.000011 -0.000002 0.000011 -0.965926 -0.258819 42865.dat
0 STEP
1 0 284.428800 -117.998800 -120.250900 -0.965926 0.000004 0.258819 0.000002 -1.000000 0.000019 0.258819 0.000019 0.965926 32009.dat
0 STEP
1 0 148.339800 -107.999300 -84.502170 0.000001 -0.258819 0.965926 -1.000000 -0.000011 -0.000002 0.000011 -0.965926 -0.258819 42865.dat
1 0 167.658400 -107.999300 -89.678230 0.000002 -0.258819 0.965926 -1.000000 -0.000013 -0.000002 0.000013 -0.965926 -0.258819 2780.dat
0 STEP
1 14 148.339900 -117.999300 -84.502010 0.258824 -0.000002 -0.965925 0.000014 1.000000 0.000002 0.965925 -0.000014 0.258824 32523.dat
0 STEP
1 0 226.473300 -127.998700 -104.721200 0.000001 -0.258819 0.965926 -1.000000 -0.000011 -0.000002 0.000011 -0.965926 -0.258819 42865.dat
1 0 129.021300 -127.999300 -79.325290 0.000001 -0.258819 0.965926 -1.000000 -0.000011 -0.000002 0.000011 -0.965926 -0.258819 42865.dat
0 STEP
1 322 186.977000 -137.999400 -94.854140 -0.258819 -0.000002 0.965926 -0.000014 1.000000 -0.000002 -0.965926 -0.000014 -0.258819 32524.dat
0 STEP
1 0 253.370600 -128.001200 -236.161600 0.000001 -0.258819 0.965926 -1.000000 -0.000011 -0.000002 0.000011 -0.965926 -0.258819 42865.dat
1 0 248.194300 -128.001600 -255.480400 0.000001 -0.258819 0.965926 -1.000000 -0.000011 -0.000002 0.000011 -0.965926 -0.258819 42865.dat
0 STEP
1 14 243.017700 -138.001700 -274.798600 -0.965926 0.000003 0.258821 0.000001 -1.000000 0.000014 0.258821 0.000014 0.965925 32140.dat