0 FILE robo-principal.io
0 Untitled Model
0 Name:  robo-principal
0 Author:  
0 CustomBrick
0 NumOfBricks:  49
1 15 -40.000000 20.500000 20.499900 1.000000 0.000000 0.000000 0.000000 0.000002 -1.000000 0.000000 1.000000 0.000002 54696.dat
0 STEP
1 14 -40.000100 20.500000 -40.080100 0.000001 0.000000 -1.000000 0.000000 1.000000 0.000000 1.000000 0.000000 0.000001 4519.dat
0 STEP
1 71 -40.000100 20.500000 -40.080100 1.000000 0.000000 0.000000 0.000000 1.000000 0.000000 0.000000 0.000000 1.000000 3713.dat
0 STEP
1 322 -40.000200 20.499900 -60.080200 1.000001 0.000000 0.000000 0.000000 -0.000003 1.000000 0.000000 -1.000001 -0.000003 60483.dat
0 STEP
1 0 -40.000000 20.500000 70.299900 -0.000001 0.000000 1.000000 0.000000 1.000002 0.000000 -1.000000 0.000000 -0.000001 3705.dat
0 STEP
1 71 -40.000000 20.500000 60.689900 1.000000 0.000000 0.000000 0.000000 1.000000 0.000000 0.000000 0.000000 1.000000 3713.dat
1 71 -40.000000 20.500000 80.299900 1.000000 0.000000 0.000000 0.000000 1.000000 0.000000 0.000000 0.000000 1.000000 3713.dat
0 STEP
1 322 -40.000000 20.500000 100.299900 -1.000000 0.000000 -0.000001 0.000001 -0.000003 -1.000000 0.000000 -1.000000 0.000003 60483.dat
0 STEP
1 0 -10.000100 0.500100 40.500000 1.000000 0.000000 0.000000 0.000000 1.000000 0.000000 0.000000 0.000000 1.000000 2780.dat
1 0 -10.000100 0.500000 0.500000 1.000000 0.000000 0.000000 0.000000 1.000000 0.000000 0.000000 0.000000 1.000000 2780.dat
1 0 -10.000000 40.500100 40.500000 1.000000 0.000000 0.000000 0.000000 1.000000 0.000000 0.000000 0.000000 1.000000 2780.dat
1 0 -10.000000 40.500000 0.500000 1.000000 0.000000 0.000000 0.000000 1.000000 0.000000 0.000000 0.000000 1.000000 2780.dat
0 STEP
1 26 0.000000 40.500100 20.500000 0.000000 -1.000000 0.000000 1.000000 0.000000 0.000000 0.000000 0.000000 1.000000 32316.dat
0 STEP
1 0 -70.000000 40.500000 40.499800 1.000000 0.000000 0.000000 0.000000 1.000000 0.000000 0.000000 0.000000 1.000000 2780.dat
1 0 -70.000000 40.500000 0.499800 1.000000 0.000000 0.000000 0.000000 1.000000 0.000000 0.000000 0.000000 1.000000 2780.dat
0 STEP
1 26 -80.000000 40.500000 20.499800 0.000000 -1.000000 0.000000 1.000000 0.000000 0.000000 0.000000 0.000000 1.000000 32316.dat
0 STEP
1 16 -29.999700 130.842800 -97.688600 1.000000 0.000000 0.000000 0.000000 0.994703 0.102792 0.000000 -0.102792 0.994703 perna direita
0 STEP
0 STEP
1 16 -29.999700 98.500800 120.633800 1.000000 0.000000 0.000000 0.000000 1.000000 0.000000 0.000000 0.000000 1.000000 perna esquerda
0 STEP
1 19 -90.000000 40.499900 -19.500200 -1.000000 0.000003 0.000000 -0.000003 -1.000000 -0.000001 0.000000 -0.000001 1.000000 3749.dat
1 19 -88.869800 41.177900 60.407300 -1.000000 0.000003 0.000001 -0.000003 -0.965920 -0.258824 0.000000 -0.258817 0.965921 3749.dat
0 STEP
1 15 -100.000000 60.499800 -19.500200 1.000000 0.000000 0.000000 0.000000 1.000000 -0.000001 0.000000 0.000001 1.000000 32184.dat
1 15 -98.869800 60.496300 65.583700 1.000000 0.000000 0.000000 0.000000 0.965925 -0.258823 0.000000 0.258823 0.965925 32184.dat
0 STEP
1 19 11.000000 40.100000 -20.300000 1.000000 -0.000012 0.000001 0.000012 0.999328 -0.036651 0.000000 0.036651 0.999328 3749.dat
1 19 10.000000 40.500200 60.500000 1.000000 -0.000007 0.000000 0.000006 0.965925 -0.258823 0.000002 0.258823 0.965925 3749.dat
0 STEP
1 14 -39.000000 79.100000 70.900000 1.000000 0.000000 0.000000 0.000000 0.965924 -0.258825 0.000000 0.258825 0.965924 44294.dat
0 STEP
1 15 20.000000 59.818700 65.676500 1.000000 0.000000 0.000000 0.000000 0.965925 -0.258823 0.000000 0.258823 0.965925 32184.dat
0 STEP
1 14 -39.000000 80.100000 -18.800000 1.000000 0.000000 0.000000 0.000000 0.999328 -0.036652 0.000000 0.036652 0.999328 44294.dat
0 STEP
1 15 21.000000 60.086600 -19.567000 1.000000 0.000000 0.000000 0.000000 0.999328 -0.036651 0.000000 0.036651 0.999328 32184.dat
0 STEP
1 15 -10.001200 -99.499790 20.500700 -0.000002 -1.000000 0.000000 0.000007 0.000000 -1.000000 1.000000 -0.000002 0.000007 u9393c02.dat
0 STEP
0 NOFILE
0 FILE Perna Direita
0 Perna Direita
0 Name:  Perna Direita
0 Author:  
0 CustomBrick
0 NumOfBricks:  11
1 14 -30.000400 -58.000800 10.000100 1.000000 0.000000 0.000000 0.000000 -0.325573 -0.945526 0.000000 0.945526 -0.325573 32014.dat
0 STEP
1 0 -10.000400 -58.000800 10.000100 1.000000 0.000000 0.000000 0.000000 1.000009 0.000000 0.000000 0.000000 1.000008 18651.dat
0 STEP
1 71 -10.000400 -58.000700 10.000000 1.000000 0.000000 0.000000 0.000000 -0.087151 -0.996201 0.000000 0.996201 -0.087151 55615.dat
0 STEP
1 14 10.000000 -58.000600 10.000100 1.000000 0.000000 0.000000 0.000000 -0.325572 -0.945521 0.000000 0.945521 -0.325572 32014.dat
0 STEP
1 19 -30.000500 -29.635000 19.767300 0.000003 1.000000 0.000000 -0.945519 0.000003 -0.325572 -0.325572 0.000001 0.945518 3749.dat
1 19 9.999599 -29.635000 19.767300 0.000003 1.000000 0.000000 -0.945521 0.000003 -0.325573 -0.325573 0.000001 0.945521 3749.dat
0 STEP
1 0 29.999900 -33.202700 60.843700 0.000000 0.000000 1.000000 0.325572 0.945518 0.000000 -0.945518 0.325572 0.000000 64179.dat
0 STEP
1 0 -40.000600 -33.202700 60.843800 1.000000 0.000000 0.000000 0.000000 0.945518 -0.325572 0.000000 0.325572 0.945518 2780.dat
0 STEP
1 14 -49.999900 -39.714100 79.754200 0.000002 -1.000000 -0.000009 -0.945518 -0.000005 0.325572 -0.325572 0.000008 -0.945518 32140.dat
0 STEP
1 322 -8.330400 -39.713600 79.753490 -0.000001 -1.000000 0.000000 -0.325573 0.000000 -0.945527 0.945526 -0.000001 -0.325574 60483.dat
1 0 19.999700 -39.713400 79.753100 1.000000 0.000000 0.000000 0.000000 0.945521 -0.325573 0.000000 0.325573 0.945521 3707.dat
0 STEP
0 NOFILE
0 FILE Perna Esquerda
0 Perna Esquerda
0 Name:  Perna Esquerda
0 Author:  
0 CustomBrick
0 NumOfBricks:  11
1 14 9.999700 -58.000800 -0.333600 -1.000000 0.000000 0.000000 0.000000 0.342020 -0.939702 0.000000 -0.939702 -0.342020 32014.dat
0 STEP
1 0 -10.000300 -58.000800 -0.333600 -1.000000 0.000000 0.000000 0.000000 1.000008 -0.000001 0.000000 -0.000001 -1.000008 18651.dat
0 STEP
1 71 -10.000300 -58.000700 -0.333500 -1.000000 0.000000 0.000000 0.000000 0.000005 -1.000005 0.000000 -1.000005 -0.000005 55615.dat
0 STEP
1 14 -30.000700 -58.000600 -0.333400 -1.000000 0.000000 0.000000 0.000000 0.342018 -0.939697 0.000000 -0.939696 -0.342018 32014.dat
0 STEP
1 19 9.999800 -29.809700 9.927100 -0.000003 -1.000000 0.000000 -0.939695 0.000003 0.342017 -0.342017 0.000001 -0.939695 3749.dat
1 19 -30.000300 -29.809700 9.927100 -0.000003 -1.000000 0.000000 -0.939697 0.000003 0.342017 -0.342017 0.000001 -0.939697 3749.dat
0 STEP
1 0 29.999900 -6.732100 -24.240500 0.000000 0.000000 1.000000 0.342017 0.939694 0.000000 -0.939694 0.342017 0.000000 64179.dat
0 STEP
1 0 -40.000100 -6.732700 -24.239100 1.000000 0.000005 -0.000019 0.000011 -0.939694 0.342011 -0.000016 -0.342011 -0.939694 2780.dat
0 STEP
1 14 -50.000300 0.107400 -43.032900 0.000004 1.000000 0.000010 -0.939701 0.000007 -0.342015 -0.342015 -0.000007 0.939701 32140.dat
0 STEP
1 322 -6.540200 0.107100 -43.032600 0.000020 -1.000000 0.000005 -0.342007 -0.000012 -0.939698 0.939698 0.000017 -0.342007 60483.dat
1 0 19.999800 0.107400 -43.033000 1.000000 0.000005 -0.000019 0.000011 -0.939696 0.342012 -0.000016 -0.342012 -0.939696 3707.dat
0 STEP
0 NOFILE
